max_command_age:                   .inf
auto_stage_last_command:           true
set_reading_to_nan_on_disconnect:  false

imu_acceleration_range: 1
imu_angular_rate_range: 1

imu_acceleration_filter: 1
imu_angular_rate_filter: 3

force_torque_filter:
  sinc_filter_size: 512
  chop_enable:      false
  fir_disable:      true
  fast_enable:      false

force_torque_offset:
  Fx: 0.0
  Fy: 0.0
  Fz: 0.0
  Tx: 0.0
  Ty: 0.0
  Tz: 0.0

sensor_configuration:
  calibration_matrix_active:            true
  temperature_compensation_active:      true
  imu_active:                           1   #0=no IMU, 1=internal, 2=external, 3=both
  coordinate_system_active:             false
  inertia_compensation_active:          0
  orientation_estimation_active:        0
use_custom_calibration:                 false
sensor_calibration:
  calibration_matrix:
    c11:  -0.0120389
    c12:  0.0206676
    c13:  0.0011164
    c14:  0.0010681
    c15:  0.0006295
    c16:  0.0002029
    c21:  -0.0109678
    c22:  -0.0207696
    c23:  -0.0004745
    c24:  -0.0010578
    c25:  0.0005841
    c26:  0.0001810
    c31:  0.0217535
    c32:  -0.0005980
    c33:  -0.0002701
    c34:  -0.0000395
    c35:  -0.0011409
    c36:  0.0001944
    c41:  0.0155252
    c42:  0.0100866
    c43:  -0.0148265
    c44:  0.0003659
    c45:  -0.0005838
    c46:  0.0000055
    c51:  -0.0169726
    c52:  0.0114251
    c53:  -0.0146247
    c54:  0.0004339
    c55:  0.0006094
    c56:  0.0000011
    c61:  -0.0001013
    c62:  -0.0197085
    c63:  -0.0146952
    c64:  -0.0007251
    c65:  -0.0000145
    c66:  -0.0000077
